      0.00000647       0.01559635      -0.03859788 
     -0.00012452       0.00316987       0.01208421 
      0.00011671       0.00317208       0.01208282 
      0.00000313       0.00257429       0.01207092 
     -0.00000831       0.00255921       0.01207288 
      0.00000489       0.00255986       0.01207122 
      0.00000765       0.00251428       0.01210442 
     -0.00002338       0.00252714       0.01208096 
      0.00001534       0.00252969       0.01207973 
      0.00000774       0.00252762       0.01206646 
     -0.00000862       0.00251784       0.01206644 
      0.00000050       0.00252116       0.01206537 
     -0.00320411      -0.00688754       0.00556028 
      0.00000520      -0.00398907       0.00667065 
      0.00319964      -0.00689247       0.00556127 
     -0.00024765      -0.00351920       0.00687588 
      0.00023953      -0.00350929       0.00687958 
      0.00000883      -0.00339602       0.00693566 
     -0.00007223      -0.00370719       0.00689314 
      0.00000777      -0.00363479       0.00691234 
      0.00006519      -0.00371021       0.00689586 
     -0.00000658      -0.00368879       0.00686072 
      0.00001093      -0.00368584       0.00685863 
     -0.00000362      -0.00369169       0.00686379 
      0.00000602       0.00361536      -0.00678271 
     -0.00008250       0.00363958      -0.00686543 
      0.00007592       0.00364137      -0.00686645 
     -0.00001424       0.00371215      -0.00683004 
     -0.00001043       0.00368705      -0.00682995 
      0.00002409       0.00371076      -0.00682927 
      0.00000463      -0.00080989       0.03424510 
      0.00058804       0.00432743      -0.00656653 
     -0.00059324       0.00432995      -0.00656769 
      0.00000646       0.00363056      -0.00686161 
      0.00000866       0.00363510      -0.00687672 
     -0.00001570       0.00361418      -0.00686178 
     -0.00001830      -0.00253370      -0.01207915 
      0.00000837      -0.00253187      -0.01207522 
      0.00001039      -0.00253962      -0.01207974 
     -0.00000148      -0.00252405      -0.01205887 
      0.00000976      -0.00252117      -0.01206143 
     -0.00000783      -0.00252945      -0.01205385 
     -0.00044863      -0.00517325      -0.00805726 
      0.00000898      -0.00259717      -0.01221799 
      0.00044006      -0.00517977      -0.00805682 
      0.00001398      -0.00257355      -0.01212509 
     -0.00000578      -0.00256362      -0.01212324 
     -0.00000775      -0.00260030      -0.01217394 
     -0.00003085       0.01557178       0.01373947 
     -0.00000313       0.01523983       0.01456744 
      0.00004169       0.01523320       0.01458806 
      0.00003710       0.01502000       0.01368737 
      0.00003432       0.01531385       0.01375706 
     -0.00006368       0.01502634       0.01368080 
     -0.00003036       0.01526894       0.01376727 
      0.00006269       0.01529179       0.01372813 
     -0.00002462       0.01528281       0.01374746 
     -0.00002835       0.01527491       0.01376590 
      0.00003306       0.01528778       0.01374165 
      0.00000301       0.01527613       0.01375756 
      0.00001201      -0.01522748      -0.01376977 
     -0.00003206      -0.01528649      -0.01374265 
      0.00001215      -0.01522634      -0.01377968 
      0.00000035      -0.01527996      -0.01376951 
     -0.00003810      -0.01529141      -0.01375053 
      0.00002985      -0.01527716      -0.01377680 
      0.00018436      -0.01582573      -0.01471263 
     -0.00003265      -0.01537660      -0.01376772 
     -0.00015960      -0.01582448      -0.01472156 
     -0.00000789      -0.01528170      -0.01376139 
     -0.00004568      -0.01527916      -0.01374500 
      0.00004566      -0.01527882      -0.01378010 
      0.00001513       0.00549658      -0.00119480 
     -0.00000606       0.00557233      -0.00123745 
      0.00000145       0.00550987      -0.00117663 
      0.00000427       0.00551698      -0.00126288 
     -0.00000773       0.00552812      -0.00126579 
      0.00001400       0.00551213      -0.00125374 
      0.00075225       0.00599577      -0.00065814 
     -0.00000590       0.00526100      -0.00133035 
     -0.00073581       0.00600821      -0.00064075 
     -0.00001238       0.00555741      -0.00123135 
     -0.00000137       0.00558031      -0.00122847 
      0.00002429       0.00558410      -0.00119338 
     -0.00001459      -0.00398790       0.00381330 
      0.00009398      -0.00546752       0.00131809 
     -0.00008975      -0.00545746       0.00131477 
      0.00003311      -0.00558499       0.00123718 
      0.00000937      -0.00566099       0.00123905 
     -0.00005283      -0.00558876       0.00124422 
     -0.00001433      -0.00559352       0.00149075 
      0.00001111      -0.00557200       0.00123057 
     -0.00000712      -0.00556159       0.00122777 
     -0.00001350      -0.00553903       0.00123600 
      0.00000606      -0.00553828       0.00125713 
     -0.00000290      -0.00552619       0.00125441 